100
2 1
100 20
200 10
2 2
100 20
200 10
3 2
100 10
100 10
100 10
4 2
9 3
7 1
10 1
8 4
2 1
405720 24847
160847 62674
5 1
253806 59
23318 2028
299939 93
21085 2591
29044 2583
2 1
3730 324074
18504 21
8 6
391558 241442
915734 103238
659306 143391
105186 898775
623075 151729
165719 570475
127722 740190
228826 413146
2 1
620450 605641
120921 461814
5 2
48914 282873
668363 20702
129338 106979
768009 18016
102874 134499
10 5
26717 2718
27857 2199
23244 2576
24938 2199
241729 83
24946 2793
28911 2457
241467 52
231358 18
25016 2604
8 5
184556 54054
39732 251082
60372 165242
422604 23606
41151 242424
102564 97266
849816 11739
29928 333333
9 6
78011 889860
639540 108545
94076 737902
305639 227127
85233 814460
139497 497637
662457 104790
134157 517445
994896 69775
8 5
50232 153729
252126 30628
27531 280488
19656 392863
912456 8463
18676 413478
758632 10179
82708 93366
10 6
45921 848208
380306 102419
320652 121473
367885 105877
990151 39338
42603 914268
465654 83647
40204 968823
215225 180976
48691 799954
5 1
3282 321818
17580 79
3225 338479
14551 42
3926 366151
8 3
481135 154114
401056 184886
301970 245553
533002 139117
553806 133891
509266 145601
141146 525340
223230 332167
10 6
111429 664133
499084 148279
327798 225760
159821 463041
82891 892783
771410 95933
879081 84183
194866 379767
205077 360858
269356 274743
9 6
263965 993317
363253 675128
303567 889815
371391 851591
223873 848561
900101 250522
963408 340949
807188 94718
222653 257512
8 4
3867 349917
3176 385475
3932 360842
13875 48
3868 319578
3795 373138
3315 358523
10817 44
6 4
24110 2101
290601 93
265929 95
27566 2572
29650 2419
24236 2635
4 2
25915 2346
24767 2019
24198 2850
260587 28
3 2
79212 191178
98154 154284
40248 376257
3 1
22076 2206
209144 80
23411 2745
6 2
696321 788405
326130 794691
405076 884878
209371 774592
130931 43243
876770 436105
2 1
110379 399867
100402 439602
6 2
849319 101851
801968 421537
256753 122747
34328 97256
938342 147089
594666 891638
3 2
60291 376216
23606 960876
867132 26158
5 3
366022 369411
738373 741067
906478 869703
136741 441414
513850 125022
8 2
3517 383260
13978 12
3998 352827
11132 32
3212 360777
3341 349582
3234 363555
3700 329239
10 5
414551 332599
473488 307788
272385 377654
286240 473231
384187 846874
828116 58731
929525 283949
119582 611405
461487 767869
719669 72743
10 5
299705 21
23291 2923
24606 2341
20880 2218
27148 2104
21211 2923
283590 44
202200 14
20868 2542
29087 2857
9 5
61828 122094
7917 953496
149814 50388
54366 138852
10374 727668
34884 216398
402948 18734
18696 403767
35496 212667
9 4
3598 371335
3518 308742
15256 7
3987 300856
3352 371460
3756 300107
3420 395630
14816 62
3496 354513
4 3
443765 84157
222484 268380
124988 994440
158643 74831
10 3
3150 366956
3720 388016
3838 344401
12820 21
3574 353191
13655 85
3268 320337
3867 319409
10818 20
3660 332003
5 3
96492 67158
58344 111069
131274 49364
18942 342108
29172 222138
7 2
26870 2560
22800 2523
24111 2336
28346 2365
255114 17
247921 44
21172 2034
5 2
3741 338419
3738 388120
3717 319222
13829 47
16429 79
3 1
3549 328102
3224 339545
14268 92
9 6
120192 333382
110285 161247
770346 547992
97886 604168
628358 216465
740184 326986
843334 854955
691766 900936
420324 827002
10 6
134757 61336
86428 95634
259284 31878
339388 24354
15708 526194
22632 365211
263097 31416
89838 92004
365211 22632
191268 43214
4 3
186477 902796
842865 526330
381997 621485
191598 736385
1 1
1 1
2 1
16646 34
3343 309707
8 5
10906 262548
984984 2907
8856 323323
134316 21318
5016 570843
15561 184008
228228 12546
158301 18088
2 2
36708 407898
98532 151962
3 1
3999 383838
3679 349535
10835 73
7 1
154663 195968
198308 152838
56839 533243
160793 188497
394633 76803
82724 366387
567882 53372
7 5
358962 200111
81676 879478
899725 79838
576119 124683
160429 447751
347269 206849
603166 119092
4 1
25357 2552
20974 2246
24316 2812
202234 83
2 1
29473 2403
291124 50
4 3
147436 601398
658378 134676
995193 89096
199752 443889
2 2
189329 168264
36408 875007
10 2
43444 814485
129623 272980
187395 188823
232972 151883
108609 325797
108275 326802
58193 608054
293874 120407
805291 43940
286809 123373
6 4
24581 2865
22313 2662
29148 2039
250726 3
28915 2976
288870 20
2 1
766415 242222
832337 14663
9 6
187017 585298
97172 7602
407055 633119
446011 314856
729281 270760
482727 148132
939061 961050
120726 842932
848993 131979
10 10
1000000 1000000
1000000 1000000
1000000 1000000
1000000 1000000
1000000 1000000
1000000 1000000
1000000 1000000
1000000 1000000
1000000 1000000
1000000 1000000
3 1
15332 71
3007 399928
3342 343963
9 2
47731 846920
168137 240425
102017 396251
228616 176822
248782 162489
989483 40854
52100 775899
339746 118984
46890 862110
10 6
50548 588743
70143 424273
734882 40496
659906 45097
70010 425079
97857 304115
470161 63297
451453 65920
40326 737980
160716 185170
4 3
201800 3
29616 2456
29453 2840
26765 2541
10 6
18722 960876
217833 82584
224664 80073
988218 18204
764568 23529
34776 517297
738668 24354
51336 350427
42504 423243
84952 211761
10 5
25139 2879
23371 2833
25395 2887
28999 2497
23683 2657
27596 2847
265463 89
216966 95
20529 2415
262205 24
4 3
192038 163836
823977 38184
523611 60088
901098 34916
5 2
22145 2777
21806 2472
216769 67
21342 2512
296919 19
5 3
817033 822539
397555 510605
473147 782244
594155 647681
248191 520441
10 2
23013 2510
241779 83
202050 12
20332 2012
20266 2408
29710 2823
23903 2764
206178 65
23545 2602
25502 2337
6 2
25713 2843
27480 2180
25956 2300
263733 77
294450 18
20391 2539
2 1
312761 173371
687542 78866
8 5
777725 360784
425965 286386
127279 391940
417817 593813
948787 647868
547289 68686
418499 802912
276484 340286
8 4
57194 994156
293339 172652
53936 655180
390925 722643
891931 58594
400568 254595
938521 232412
165545 619466
3 2
22446 444444
384076 25974
55796 178794
8 3
3991 302235
3986 370081
3552 311755
3832 308848
3841 324824
3221 331372
17397 57
10709 66
6 2
283500 13
29813 2714
28712 2144
208858 23
24001 2397
20344 2934
2 1
101181 299352
131791 229824
7 5
61816 251327
41088 378116
194553 79855
21902 709343
22917 677926
470105 33048
124174 125115
8 5
75276 74074
526932 10582
16236 343434
10098 552188
498168 11193
29304 190281
35178 158508
41041 135864
5 3
3363 369119
3516 334372
10300 13
13442 91
3949 338321
4 1
396304 104241
224506 184009
919619 44922
111461 370633
4 1
3892 392505
10266 40
3699 390811
3240 332756
2 1
16988 31
3276 376088
7 4
234479 183816
154413 279128
267976 160839
130872 329337
73186 588924
65016 662929
107502 400932
3 2
25140 2279
279788 23
21621 2434
6 4
274536 82621
540792 41943
51282 442308
482328 47027
289044 78474
27528 823977
5 3
865050 766337
804283 283966
193460 871764
872003 547549
724360 964190
2 1
15599 75
3878 371886
9 4
912558 696980
552640 213143
852871 865613
218446 806437
200359 838466
595062 286127
35352 552074
69657 173753
880457 425548
5 3
45954 485212
313131 71208
25974 858452
113022 197284
41366 539028
9 2
29146 2243
286913 48
26281 2696
23076 2369
268014 87
21868 2933
26740 2519
27578 2560
21184 2910
2 1
293731 278856
174091 399213
8 5
425334 38628
60088 273429
24969 658008
195286 84132
88578 185484
49938 329004
43848 374699
527916 31122
5 1
10436 90
3263 308432
15993 85
3698 363689
3190 323878
4 3
792724 736370
212796 880984
605473 152499
35980 617537
4 1
512468 99123
137537 369336
534726 94997
182321 278615
3 1
63523 934139
216592 739916
476476 563288
3 2
3493 303500
3230 342632
12071 70
10 7
420035 224264
477277 197367
292973 321527
121933 772545
617126 152641
140635 669810
140091 672411
388599 242406
323992 290744
499911 188431
8 6
3550 390414
3220 339157
3268 393063
3962 356619
13089 54
3179 330547
3042 382943
11376 42
