CASE #1: 2 
CASE #2: 1 
CASE #3: IMPOSSIBLE
CASE #4: 1 2 
CASE #5: 3 5 
CASE #6: IMPOSSIBLE
CASE #7: 10 19 28 37 46 
CASE #8: 4 7 
CASE #9: IMPOSSIBLE
CASE #10: IMPOSSIBLE
CASE #11: IMPOSSIBLE
CASE #12: IMPOSSIBLE
CASE #13: 1 
CASE #14: 25 49 73 97 121 145 169 193 217 241 265 289 313 
CASE #15: 2 
CASE #16: IMPOSSIBLE
CASE #17: IMPOSSIBLE
CASE #18: IMPOSSIBLE
CASE #19: IMPOSSIBLE
CASE #20: 89 177 265 353 441 529 617 705 793 881 969 1057 1145 1233 1321 1409 1497 1585 1673 1761 1849 1937 2025 2113 2201 2289 2377 2465 2553 2641 2729 2817 2905 2993 3081 3169 3257 3345 3433 3521 3609 3697 3785 3873 3961 
CASE #21: IMPOSSIBLE
CASE #22: 92 183 274 365 456 547 638 729 820 911 1002 1093 1184 1275 1366 1457 1548 1639 1730 1821 1912 2003 2094 2185 2276 2367 2458 2549 2640 2731 2822 2913 3004 3095 3186 3277 3368 3459 3550 3641 3732 3823 3914 4005 4096 4187 
CASE #23: 1 
CASE #24: IMPOSSIBLE
CASE #25: 100 199 298 397 496 595 694 793 892 991 1090 1189 1288 1387 1486 1585 1684 1783 1882 1981 2080 2179 2278 2377 2476 2575 2674 2773 2872 2971 3070 3169 3268 3367 3466 3565 3664 3763 3862 3961 4060 4159 4258 4357 4456 4555 4654 4753 4852 4951 
CASE #26: 46 91 136 181 226 271 316 361 406 451 496 541 586 631 676 721 766 811 856 901 946 991 1036 
CASE #27: IMPOSSIBLE
CASE #28: IMPOSSIBLE
CASE #29: IMPOSSIBLE
CASE #30: IMPOSSIBLE
CASE #31: 12 23 34 45 56 67 
CASE #32: 4 7 
CASE #33: 1 
CASE #34: IMPOSSIBLE
CASE #35: 72 143 214 285 356 427 498 569 640 711 782 853 924 995 1066 1137 1208 1279 1350 1421 1492 1563 1634 1705 1776 1847 1918 1989 2060 2131 2202 2273 2344 2415 2486 2557 
CASE #36: 31 61 91 121 151 181 211 241 271 301 331 361 391 421 451 481 
CASE #37: IMPOSSIBLE
CASE #38: IMPOSSIBLE
CASE #39: 1 
CASE #40: 1 
CASE #41: IMPOSSIBLE
CASE #42: 2 
CASE #43: IMPOSSIBLE
CASE #44: 1 2 3 
CASE #45: IMPOSSIBLE
CASE #46: 1 
CASE #47: 1 2 3 4 5 6 7 8 9 10 11 12 13 14 15 16 17 18 19 20 21 22 23 24 25 26 27 28 29 30 31 32 33 34 35 36 37 38 39 40 41 42 43 44 45 46 47 48 49 50 51 52 53 54 55 56 57 58 59 60 61 62 63 64 
CASE #48: IMPOSSIBLE
CASE #49: IMPOSSIBLE
CASE #50: IMPOSSIBLE
CASE #51: IMPOSSIBLE
CASE #52: IMPOSSIBLE
CASE #53: IMPOSSIBLE
CASE #54: IMPOSSIBLE
CASE #55: IMPOSSIBLE
CASE #56: 2 
CASE #57: 3 5 
CASE #58: 1 
CASE #59: 1 
CASE #60: 1 
CASE #61: IMPOSSIBLE
CASE #62: IMPOSSIBLE
CASE #63: IMPOSSIBLE
CASE #64: IMPOSSIBLE
CASE #65: 25 49 73 97 121 145 169 193 217 241 265 289 313 
CASE #66: IMPOSSIBLE
CASE #67: 1 2 3 4 5 6 7 8 9 10 11 12 13 14 15 16 17 18 19 
CASE #68: 2 
CASE #69: IMPOSSIBLE
CASE #70: IMPOSSIBLE
CASE #71: IMPOSSIBLE
CASE #72: 71 141 211 281 351 421 491 561 631 701 771 841 911 981 1051 1121 1191 1261 1331 1401 1471 1541 1611 1681 1751 1821 1891 1961 2031 2101 2171 2241 2311 2381 2451 2521 
CASE #73: IMPOSSIBLE
CASE #74: 48 95 142 189 236 283 330 377 424 471 518 565 612 659 706 753 800 847 894 941 988 1035 1082 1129 
CASE #75: IMPOSSIBLE
CASE #76: 3 5 
CASE #77: 5 9 13 
CASE #78: IMPOSSIBLE
CASE #79: 3 5 
CASE #80: 1 2 3 4 5 6 7 8 9 10 11 12 13 14 15 16 17 18 19 20 21 22 23 24 25 26 27 28 29 30 31 32 33 34 35 36 37 38 39 40 41 42 43 44 45 46 47 48 49 50 51 52 53 54 55 56 57 58 59 60 61 62 63 64 65 66 67 68 69 70 71 72 73 74 75 76 77 78 79 80 81 82 83 84 85 86 87 88 89 90 91 92 93 94 95 96 97 98 99 100 
CASE #81: IMPOSSIBLE
CASE #82: IMPOSSIBLE
CASE #83: 39 77 115 153 191 229 267 305 343 381 419 457 495 533 571 609 647 685 723 761 
CASE #84: 100 199 298 397 496 595 694 793 892 991 1090 1189 1288 1387 1486 1585 1684 1783 1882 1981 2080 2179 2278 2377 2476 2575 2674 2773 2872 2971 3070 3169 3268 3367 3466 3565 3664 3763 3862 3961 4060 4159 4258 4357 4456 4555 4654 4753 4852 4951 
CASE #85: IMPOSSIBLE
CASE #86: 91 181 271 361 451 541 631 721 811 901 991 1081 1171 1261 1351 1441 1531 1621 1711 1801 1891 1981 2071 2161 2251 2341 2431 2521 2611 2701 2791 2881 2971 3061 3151 3241 3331 3421 3511 3601 3691 3781 3871 3961 4051 4141 
CASE #87: 1 
CASE #88: 1 2 3 4 5 6 7 8 9 10 11 12 13 14 15 16 17 18 19 20 21 22 23 24 25 
CASE #89: 40 79 118 157 196 235 274 313 352 391 430 469 508 547 586 625 664 703 742 781 
CASE #90: 22 43 64 85 106 127 148 169 190 211 232 
CASE #91: IMPOSSIBLE
CASE #92: IMPOSSIBLE
CASE #93: IMPOSSIBLE
CASE #94: IMPOSSIBLE
CASE #95: IMPOSSIBLE
CASE #96: 1 2 3 4 
CASE #97: 52 103 154 205 256 307 358 409 460 511 562 613 664 715 766 817 868 919 970 1021 1072 1123 1174 1225 1276 1327 
CASE #98: 1 
CASE #99: 33 65 97 129 161 193 225 257 289 321 353 385 417 449 481 513 545 
CASE #100: 10 19 28 37 46 
