5
1
814442966
450418
1
638572
570738426
4
10 1 8 3
4 5 7 2
4
3 9 3 5
11 10 8 7
1
710968056
648957198
6
537860869 932700775 322731914 335848765 570747597 145761817
867458069 840476761 699140591 251654375 892806344 860058735
47
674887446 921852046 5893856 40881486 894383259 109696488 998398424 426925564 795618791 477089750 177330400 753327758 382818603 421867876 92049242 745214244 275513473 810520965 641402038 367719419 477526346 152066565 79903905 113808813 336232857 278865422 909548054 78147488 821601786 949410949 921944880 885879115 283362247 350398425 797614564 488632625 631221587 656695868 735438628 385151008 482940214 35315529 830760647 884484212 112769026 430790536 523145200
420634683 225209202 143203050 566492210 140727249 543874378 384821966 931048044 608605356 328218596 785420598 752948949 539333168 931492443 987144337 292696683 597392582 726894178 638496649 615188899 997827939 919845713 850609463 882278623 627526675 63018833 566500846 254968078 837458171 963292780 292637836 940949597 728637722 698669905 260949630 71888799 107494664 846250346 331580400 332431059 43653102 173734374 926059620 667910973 580594750 624639774 515122451
2
665306027 707496587
169197109 72791347
5
9 9 1 5 8
1 7 7 11 7
2
2 3
4 11
