1000
18 75 3
67 67 62
52 39 2
21 17 22
16 20 69
53 92 12
43 82 22
5 21 40
2 21 41
19 77 72
56 56 52
55 84 13
99 8 69
8 20 80
2 67 55
28 75 45
34 9 32
44 88 41
50 66 61
75 53 41
83 12 56
39 5 38
2 9 3
12 88 91
44 71 96
96 95 29
16 79 40
0 10 42
39 12 84
55 48 15
22 45 39
84 40 70
31 90 6
46 13 17
3 75 98
65 89 98
98 85 64
98 85 38
16 86 46
70 25 2
12 71 89
100 33 89
72 96 80
62 90 75
28 62 38
100 91 95
77 28 9
34 10 100
53 80 34
51 9 46
13 9 38
85 2 99
28 88 81
6 90 18
27 6 1
20 56 69
99 70 27
2 86 38
56 30 6
49 11 58
66 15 25
81 88 84
42 67 86
78 100 69
86 25 64
53 77 48
7 84 93
48 48 69
22 4 96
57 58 89
84 90 1
88 7 40
38 3 52
91 10 23
79 67 41
48 52 2
52 27 39
52 79 8
55 93 15
57 41 42
32 71 93
58 20 22
5 100 52
7 21 17
19 59 93
66 96 69
64 20 30
75 68 11
12 3 26
38 68 94
31 9 97
14 33 90
69 18 21
68 31 60
35 57 4
78 22 46
51 26 61
23 60 91
94 11 37
98 31 67
13 99 9
61 11 61
4 45 66
73 91 41
69 74 98
74 73 98
10 86 69
46 18 82
38 96 19
34 92 25
93 81 97
98 22 42
61 85 22
35 73 75
97 7 12
94 7 87
66 75 25
13 78 5
95 23 15
100 1 1
54 72 3
42 33 100
3 22 39
94 29 61
2 77 57
40 76 92
44 7 12
34 15 71
84 63 8
96 100 18
15 90 92
47 39 84
88 56 9
84 38 75
75 56 53
18 69 54
78 92 39
28 74 83
27 23 72
99 91 5
40 67 34
58 27 76
17 8 18
17 26 74
46 83 61
87 37 94
61 29 41
43 47 33
3 82 67
60 98 27
54 69 77
84 79 48
57 48 78
51 57 31
100 87 47
40 31 94
52 27 3
25 85 66
33 39 73
74 32 14
70 59 36
78 23 25
75 2 67
75 79 54
32 94 82
79 26 26
97 48 53
25 55 35
4 86 31
22 2 57
10 67 92
46 100 80
58 63 62
36 60 91
20 14 88
84 98 25
59 82 94
30 41 28
64 81 11
65 46 89
91 41 56
77 83 32
14 65 87
6 68 91
91 74 34
23 65 87
56 57 34
16 10 4
63 39 40
84 30 23
66 26 38
37 87 64
14 98 61
51 72 5
85 96 27
70 93 6
32 60 75
75 37 68
93 68 55
35 8 16
93 61 47
50 95 41
46 60 87
65 83 43
39 62 19
67 77 35
42 93 63
30 64 33
22 28 37
28 81 52
66 98 21
78 28 15
51 76 26
29 90 66
34 99 40
47 27 41
5 47 66
83 77 15
49 47 74
42 12 84
10 55 27
71 52 15
81 16 88
49 35 2
17 52 13
58 20 9
9 70 2
68 6 13
31 80 31
97 24 78
8 61 3
14 58 26
93 92 92
6 57 10
10 36 76
2 20 12
59 30 79
57 76 73
45 62 57
79 12 10
71 75 25
37 65 24
55 3 20
30 15 68
29 35 24
50 22 62
48 62 3
54 53 91
83 62 4
73 4 82
53 48 15
21 89 97
55 94 1
52 91 16
77 97 48
83 41 63
23 21 97
82 89 7
83 15 78
94 30 67
21 1 14
98 13 29
80 80 99
53 61 85
15 27 85
0 42 24
55 32 37
0 53 42
33 20 79
100 47 93
96 28 17
18 56 55
71 8 8
100 17 30
99 8 47
91 86 25
30 5 55
50 58 100
49 60 88
24 89 95
45 83 96
45 94 28
67 89 59
51 39 32
45 19 56
57 76 70
29 36 86
75 31 59
63 4 15
4 47 1
60 5 38
11 99 92
12 59 63
54 28 31
4 78 15
100 31 47
2 64 93
98 80 87
69 91 72
63 97 5
72 68 30
10 19 4
14 89 2
69 82 83
34 29 37
10 72 100
50 45 96
67 14 93
65 81 74
55 82 21
44 31 91
95 92 84
80 32 67
25 43 2
15 74 4
75 18 61
95 59 36
91 35 47
42 73 40
21 53 4
24 29 11
48 64 69
18 22 25
91 86 32
100 70 91
58 85 42
99 62 71
17 46 54
75 76 37
19 38 41
56 6 32
28 95 81
17 73 94
1 54 73
73 67 79
11 5 82
80 94 17
40 32 40
100 89 76
65 77 76
94 62 11
18 75 8
28 58 46
21 26 87
93 40 71
44 52 32
83 89 31
17 2 33
30 64 56
79 6 30
23 17 75
34 85 73
73 100 14
95 22 15
100 89 96
77 67 94
95 62 96
45 4 63
91 65 22
9 10 84
93 79 38
98 4 46
36 41 40
92 7 98
93 94 28
67 7 97
55 2 71
54 31 99
35 22 38
46 13 25
17 79 13
89 80 48
23 70 19
52 68 11
15 72 4
46 25 23
30 9 85
38 92 85
3 66 73
28 9 52
4 42 74
58 16 65
61 30 32
34 29 29
54 36 40
59 43 87
51 22 21
46 100 56
54 8 62
37 54 52
71 35 27
6 27 73
98 57 37
53 97 9
100 35 40
25 18 17
94 20 21
67 45 63
56 61 7
8 67 44
39 62 18
70 57 74
43 72 63
20 98 70
54 86 32
55 68 37
33 29 79
67 73 45
21 99 3
10 37 85
91 25 16
17 6 40
94 54 91
84 79 77
25 54 15
100 60 84
24 60 67
3 98 22
3 40 45
27 97 67
99 99 99
10 22 75
42 63 85
66 96 69
81 30 41
59 83 100
0 30 70
79 29 41
44 62 13
91 61 19
16 93 89
78 28 94
61 12 61
39 5 87
6 56 93
97 44 60
97 88 98
28 46 55
2 57 53
44 26 6
1 74 53
49 73 97
16 97 9
36 42 44
24 24 77
50 20 90
82 35 76
97 83 99
40 79 88
87 66 72
54 84 77
47 25 9
20 2 14
19 95 1
87 47 83
30 61 23
21 84 62
56 87 92
96 44 13
57 38 52
85 85 34
1 52 5
11 83 30
39 72 57
49 34 10
9 77 77
59 19 85
53 28 74
53 89 74
13 94 70
70 70 72
13 28 46
25 74 22
51 36 99
31 10 68
18 13 17
3 38 18
26 2 42
40 58 61
45 54 78
40 87 59
49 48 55
90 47 68
94 6 97
43 48 99
66 30 100
85 33 65
13 64 42
22 97 31
88 55 34
20 60 75
23 3 100
100 54 94
92 10 71
85 16 71
75 52 73
47 12 95
67 60 99
74 32 16
16 12 2
7 38 80
81 38 96
80 53 38
38 13 25
84 5 4
1 90 31
81 69 83
75 23 60
41 5 75
15 48 19
18 95 60
16 86 48
47 85 3
97 10 17
61 11 97
53 90 67
23 24 41
87 22 56
33 55 85
23 58 58
98 6 75
31 9 91
67 10 77
17 42 4
74 35 91
19 32 19
61 95 87
23 8 13
11 30 40
72 53 57
92 31 9
7 29 92
38 31 43
93 28 75
53 86 23
11 99 88
31 20 6
13 98 74
72 36 27
25 63 58
57 75 18
64 25 83
29 42 62
43 30 26
12 72 15
64 76 28
74 9 58
99 92 60
28 1 34
11 73 54
5 77 3
42 7 15
5 97 10
84 1 80
66 43 12
8 31 78
34 5 87
59 72 79
80 66 44
10 33 21
84 18 41
2 32 95
37 77 96
16 39 79
16 20 13
100 26 16
79 46 84
20 94 40
17 78 67
78 56 13
61 58 61
79 8 72
87 21 91
23 34 79
88 93 40
15 87 67
95 44 79
94 30 5
100 84 72
51 82 15
6 54 76
58 91 89
92 80 87
65 88 97
63 42 23
6 37 12
85 86 56
88 17 100
58 18 38
65 77 35
69 39 59
52 71 59
31 9 89
32 67 10
63 90 6
55 94 27
95 11 94
96 23 25
4 80 61
54 70 59
0 57 27
93 62 88
89 48 39
20 28 98
0 39 48
88 98 54
45 58 69
23 36 86
33 36 11
26 7 46
7 55 65
5 34 58
4 57 29
60 86 100
50 91 58
65 34 26
45 38 11
81 38 43
32 81 7
5 42 25
71 83 38
39 81 80
14 78 60
36 17 39
84 93 54
25 60 20
34 38 11
73 7 6
51 37 95
0 15 62
13 55 55
89 86 90
8 3 76
97 14 17
7 29 86
31 11 66
52 56 84
13 45 52
76 77 73
78 71 68
86 7 52
7 68 97
64 85 30
10 55 4
93 8 68
88 98 52
91 48 60
27 65 77
2 59 23
13 68 39
62 24 38
51 61 95
36 54 38
91 24 30
100 91 18
100 76 79
21 52 78
94 30 1
82 86 16
52 71 98
43 82 18
77 91 2
52 10 20
12 55 55
0 55 55
87 20 40
87 5 14
12 25 45
67 3 26
54 73 68
22 88 73
23 5 33
97 69 86
82 79 96
93 26 48
67 48 15
93 5 46
31 15 100
78 31 43
16 58 27
99 3 95
12 24 3
79 37 2
23 89 93
18 66 28
50 22 39
1 7 59
23 66 83
82 47 46
84 53 47
22 75 38
60 2 68
56 35 42
71 86 34
43 19 26
55 36 81
54 7 5
32 27 27
37 33 18
28 43 83
22 42 25
20 62 88
59 89 41
92 38 94
96 55 72
92 100 81
13 15 75
32 68 96
32 14 83
88 5 55
67 60 11
34 54 33
75 63 74
57 52 31
66 22 24
68 47 78
53 100 79
68 76 65
20 39 43
67 53 15
0 54 4
70 100 38
69 44 38
33 12 86
50 65 61
44 65 58
76 85 40
12 33 57
85 70 9
36 98 30
66 17 16
84 71 12
0 27 62
45 3 87
14 46 40
83 25 47
75 97 39
31 47 82
95 82 27
81 8 37
43 9 84
33 34 86
16 54 82
35 45 55
5 20 37
34 67 6
38 73 58
82 19 81
30 25 5
67 58 20
29 71 99
69 62 92
5 5 86
35 55 45
64 82 82
61 6 25
55 71 46
15 12 1
43 89 76
34 78 21
7 95 21
72 17 12
2 100 54
45 61 96
0 32 79
76 86 17
39 39 55
32 46 61
74 92 31
43 81 99
19 78 93
95 52 21
26 57 61
84 95 42
4 84 60
92 82 14
36 98 27
98 87 25
76 27 10
13 63 44
19 80 12
56 43 8
43 86 20
76 58 19
100 6 94
100 18 7
54 13 86
4 64 27
19 57 99
12 9 17
82 45 77
60 83 20
98 41 60
23 74 80
55 80 45
61 9 64
31 83 25
29 21 13
4 64 60
47 68 48
6 90 7
100 97 2
34 21 80
33 44 96
29 21 89
98 83 39
91 22 82
37 24 17
74 77 38
88 45 37
7 54 41
58 58 81
70 35 42
42 58 87
57 87 8
67 12 75
59 30 95
33 56 65
31 46 91
75 12 4
42 4 54
11 45 47
100 27 67
96 97 9
34 72 48
4 17 11
16 81 80
25 17 18
83 98 82
24 81 77
84 70 75
39 68 89
22 64 65
7 72 10
7 13 96
17 81 100
23 1 19
33 69 55
82 47 30
54 93 10
26 91 40
19 15 33
34 14 7
5 4 81
4 62 87
21 60 67
7 78 53
21 94 36
79 91 11
62 44 84
0 20 21
44 35 57
59 75 32
41 97 37
79 13 6
55 77 36
91 47 20
81 3 94
17 69 21
68 88 23
39 68 98
62 59 95
34 16 89
76 45 72
26 20 90
53 5 47
61 55 7
25 24 95
36 4 21
9 76 39
43 97 35
78 13 34
98 23 27
31 43 35
87 57 12
28 37 95
88 17 98
38 55 3
38 87 35
67 83 21
13 66 1
55 55 17
29 2 60
47 88 38
95 29 87
13 47 81
99 10 38
59 96 91
79 74 13
35 29 87
66 92 12
27 39 58
41 26 27
22 14 70
85 12 5
30 29 57
85 73 70
41 97 68
48 86 21
83 53 23
87 12 14
59 60 85
72 69 8
67 1 56
31 40 41
20 73 83
47 8 15
70 88 73
18 61 15
18 18 95
39 85 37
81 79 13
35 9 73
77 75 53
47 27 8
41 67 73
61 71 58
28 44 77
15 14 85
12 85 59
12 83 57
97 58 73
20 11 46
19 90 69
36 86 34
14 19 22
19 25 7
57 85 91
38 100 15
63 75 34
97 61 94
8 7 32
52 72 19
61 56 2
99 97 98
90 22 23
90 98 72
17 43 82
45 70 62
93 73 82
27 56 28
41 48 10
49 79 11
98 100 65
92 55 47
86 14 22
3 31 48
100 84 31
57 64 92
16 53 10
41 54 55
99 60 89
72 45 65
55 12 25
1 23 57
0 92 67
11 10 80
9 78 90
2 76 15
79 94 60
1 81 66
13 15 91
28 95 98
40 5 31
60 81 24
76 21 60
79 40 83
57 66 7
75 18 15
65 48 46
13 42 34
65 19 26
96 2 72
1 94 5
71 81 41
7 84 22
20 60 5
6 12 13
54 84 33
36 22 35
45 24 72
77 76 20
32 96 39
65 42 19
1 45 6
80 60 28
52 60 75
82 32 14
49 78 52
38 6 39
41 31 52
50 27 13
88 64 68
6 10 20
98 42 24
2 93 86
32 38 20
82 28 71
36 65 62
35 81 8
