Case #1:
1011011011100101 3 2 5 2 409 2 7 2 101
1011010110110011 3 2 5 2 2887 2 5 2 17
1011010000101011 7 2 53 2 5 2 37 2 3
1011010101100011 5 37 3 3 17 3 73 5 17
1011010100100001 89 5 2789 3 2557 3833 12473 5 13
1011001101001011 7 5 3 7 11 3 3 3 3
1011001101011011 3 2 5 2 307 2 5 2 7
1011001000001001 7 2 3 2 13 2 6079 2 3
1011001010110001 5 2 151 2 5 2 5 2 37
1011001000110001 11 19 7 11 167 9547 3 3 7
1011001000010001 3 2 3 2 1051 2 5 2 3
1011001100000001 3 2 3 2 139 2 5 2 3
1011001100000111 3 2 5 2 5 2 31 2 23
1011010111101111 3 2 3 2 13 2 73 2 17
1011001111100101 3 2 5 2 13 2 7 2 17
1011011010010111 3 2 5 2 17 2 7 2 17
1011010010010011 3 2 5 2 5 2 15263 2 3
1011001011110111 5 7 53 13 17 9521 3 3 37
1011011101110111 67 2 3 2 17 2 3 2 823
1011001100110111 3 2 5 2 23 2 7 2 7
1011001110110101 3 2 5 2 317 2 5 2 7
1011010101100101 3 227 3 73 4729 3 61 13 73
1011011110101111 59 2 3 2 269 2 47 2 11
1011001110110101 3 2 5 2 317 2 5 2 7
1011011111000111 7 41 71 3 19 11 937 5 3
1011011111100111 3 2 3 2 31 2 5 2 1607
1011011010001001 83 2 23 2 5 2 21269 2 3
1011011111100001 3 2 5 2 313 2 7 2 1721
1011010111100011 3 2 5 2 8009 2 7 2 19
1011011111100011 5 7 19 13 13 13 3 1657 3
1011010101100011 5 37 3 3 17 3 73 5 17
1011010101100001 59 2 6977 2 5 2 3 2 3
1011010111110001 47 2 157 2 53 2 3 2 503
1011001111011101 5 7 17209 3 53 17 67 3 11
1011001001000001 3 2 3 2 83 2 11 2 3
1011010100101111 3 2 5 2 1663 2 7 2 61
1011001010011001 13 2 359 2 5 2 157 2 13
1011011001111111 3 2 3 2 499 2 5 2 31
1011011010010111 3 2 5 2 17 2 7 2 17
1011010010010111 83 389 3 3 193 3 5 5 7
1011010010001111 17 19 3 7 331 3 3 19 107
1011011101111101 107 2 3 2 10093 2 3 2 7
1011011100111001 3 2 5 2 73 2 5 2 19
1011011011010001 17 947 3 3 17 3 5 5 13
1011011010010111 3 2 5 2 17 2 7 2 17
1011001110010111 3 2 5 2 3343 2 5 2 79
1011001110011111 7 11 13 40111 281 11 3 3 29
1011001100011111 3 2 5 2 53 2 5 2 701
1011001110111011 3 19 149 19 7 5 167 3 7
1011001110111111 5 2 3 2 137 2 5 2 3
